# oST version 5.0 parameters


[image]

width
640

height
480

[narrow_stereo]

camera matrix
463.494698 0.000000 310.027524
0.000000 461.946446 247.095463
0.000000 0.000000 1.000000

distortion
0.061602 -0.216642 0.000583 0.002710 0.000000

rectification
1.000000 0.000000 0.000000
0.000000 1.000000 0.000000
0.000000 0.000000 1.000000

projection
452.625763 0.000000 310.382455 0.000000
0.000000 462.312592 247.538104 0.000000
0.000000 0.000000 1.000000 0.000000

